Encoder Angle    Steering Angle
-------------------------------
     0     0

    0.3516    0.9375

    0.7031    1.8750

    1.0547    2.8125

    1.4062    3.7500

    1.7578    4.6875

    2.1094    5.6250

    2.4609    6.5625

    2.8125    7.5000

    3.1641    8.4375

    3.5156    9.3750

    3.8672   10.3125

    4.2188   11.2500

    4.5703   12.1875

    4.9219   13.1250

    5.2734   14.0625

    5.6250   15.0000

    5.9766   15.9375

    6.3281   16.8750

    6.6797   17.8125

    7.0312   18.7500

    7.3828   19.6875

    7.7344   20.6250

    8.0859   21.5625

    8.4375   22.5000

    8.7891   23.4375

    9.1406   24.3750

    9.4922   25.3125

    9.8438   26.2500

   10.1953   27.1875

   10.5469   28.1250

   10.8984   29.0625

   11.2500   30.0000

   11.6016   30.9375

   11.9531   31.8750

   12.3047   32.8125

   12.6562   33.7500

   13.0078   34.6875

   13.3594   35.6250

   13.7109   36.5625

   14.0625   37.5000

   14.4141   38.4375

   14.7656   39.3750

   15.1172   40.3125

   15.4688   41.2500

   15.8203   42.1875

   16.1719   43.1250

   16.5234   44.0625

   16.8750   45.0000

   17.2266   45.9375

   17.5781   46.8750

   17.9297   47.8125

   18.2812   48.7500

   18.6328   49.6875

   18.9844   50.6250

   19.3359   51.5625

   19.6875   52.5000

   20.0391   53.4375

   20.3906   54.3750

   20.7422   55.3125

   21.0938   56.2500

   21.4453   57.1875

   21.7969   58.1250

   22.1484   59.0625

   22.5000   60.0000

   22.8516   60.9375

   23.2031   61.8750

   23.5547   62.8125

   23.9062   63.7500

   24.2578   64.6875

   24.6094   65.6250

   24.9609   66.5625

   25.3125   67.5000

   25.6641   68.4375

   26.0156   69.3750

   26.3672   70.3125

   26.7188   71.2500

   27.0703   72.1875

   27.4219   73.1250

   27.7734   74.0625

   28.1250   75.0000

   28.4766   75.9375

   28.8281   76.8750

   29.1797   77.8125

   29.5312   78.7500

   29.8828   79.6875

   30.2344   80.6250

   30.5859   81.5625

   30.9375   82.5000

   31.2891   83.4375

   31.6406   84.3750

   31.9922   85.3125

   32.3438   86.2500

   32.6953   87.1875

   33.0469   88.1250

   33.3984   89.0625

   33.7500   90.0000

   34.1016   90.9375

   34.4531   91.8750

   34.8047   92.8125

   35.1562   93.7500

   35.5078   94.6875

   35.8594   95.6250

   36.2109   96.5625

   36.5625   97.5000

   36.9141   98.4375

   37.2656   99.3750

   37.6172  100.3125

   37.9688  101.2500

   38.3203  102.1875

   38.6719  103.1250

   39.0234  104.0625

   39.3750  105.0000

   39.7266  105.9375

   40.0781  106.8750

   40.4297  107.8125

   40.7812  108.7500

   41.1328  109.6875

   41.4844  110.6250

   41.8359  111.5625

   42.1875  112.5000

   42.5391  113.4375

   42.8906  114.3750

   43.2422  115.3125

   43.5938  116.2500

   43.9453  117.1875

   44.2969  118.1250

   44.6484  119.0625

    45   120

   45.3516  120.9375

   45.7031  121.8750

   46.0547  122.8125

   46.4062  123.7500

   46.7578  124.6875

   47.1094  125.6250

   47.4609  126.5625

   47.8125  127.5000

   48.1641  128.4375

   48.5156  129.3750

   48.8672  130.3125

   49.2188  131.2500

   49.5703  132.1875

   49.9219  133.1250

   50.2734  134.0625

   50.6250  135.0000

   50.9766  135.9375

   51.3281  136.8750

   51.6797  137.8125

   52.0312  138.7500

   52.3828  139.6875

   52.7344  140.6250

   53.0859  141.5625

   53.4375  142.5000

   53.7891  143.4375

   54.1406  144.3750

   54.4922  145.3125

   54.8438  146.2500

   55.1953  147.1875

   55.5469  148.1250

   55.8984  149.0625

   56.2500  150.0000

   56.6016  150.9375

   56.9531  151.8750

   57.3047  152.8125

   57.6562  153.7500

   58.0078  154.6875

   58.3594  155.6250

   58.7109  156.5625

   59.0625  157.5000

   59.4141  158.4375

   59.7656  159.3750

   60.1172  160.3125

   60.4688  161.2500

   60.8203  162.1875

   61.1719  163.1250

   61.5234  164.0625

   61.8750  165.0000

   62.2266  165.9375

   62.5781  166.8750

   62.9297  167.8125

   63.2812  168.7500

   63.6328  169.6875

   63.9844  170.6250

   64.3359  171.5625

   64.6875  172.5000

   65.0391  173.4375

   65.3906  174.3750

   65.7422  175.3125

   66.0938  176.2500

   66.4453  177.1875

   66.7969  178.1250

   67.1484  179.0625

   67.5000  180.0000

   67.8516  180.9375

   68.2031  181.8750

   68.5547  182.8125

   68.9062  183.7500

   69.2578  184.6875

   69.6094  185.6250

   69.9609  186.5625

   70.3125  187.5000

   70.6641  188.4375

   71.0156  189.3750

   71.3672  190.3125

   71.7188  191.2500

   72.0703  192.1875

   72.4219  193.1250

   72.7734  194.0625

   73.1250  195.0000

   73.4766  195.9375

   73.8281  196.8750

   74.1797  197.8125

   74.5312  198.7500

   74.8828  199.6875

   75.2344  200.6250

   75.5859  201.5625

   75.9375  202.5000

   76.2891  203.4375

   76.6406  204.3750

   76.9922  205.3125

   77.3438  206.2500

   77.6953  207.1875

   78.0469  208.1250

   78.3984  209.0625

   78.7500  210.0000

   79.1016  210.9375

   79.4531  211.8750

   79.8047  212.8125

   80.1562  213.7500

   80.5078  214.6875

   80.8594  215.6250

   81.2109  216.5625

   81.5625  217.5000

   81.9141  218.4375

   82.2656  219.3750

   82.6172  220.3125

   82.9688  221.2500

   83.3203  222.1875

   83.6719  223.1250

   84.0234  224.0625

   84.3750  225.0000

   84.7266  225.9375

   85.0781  226.8750

   85.4297  227.8125

   85.7812  228.7500

   86.1328  229.6875

   86.4844  230.6250

   86.8359  231.5625

   87.1875  232.5000

   87.5391  233.4375

   87.8906  234.3750

   88.2422  235.3125

   88.5938  236.2500

   88.9453  237.1875

   89.2969  238.1250

   89.6484  239.0625

    90   240

   90.3516  240.9375

   90.7031  241.8750

   91.0547  242.8125

   91.4062  243.7500

   91.7578  244.6875

   92.1094  245.6250

   92.4609  246.5625

   92.8125  247.5000

   93.1641  248.4375

   93.5156  249.3750

   93.8672  250.3125

   94.2188  251.2500

   94.5703  252.1875

   94.9219  253.1250

   95.2734  254.0625

   95.6250  255.0000

   95.9766  255.9375

   96.3281  256.8750

   96.6797  257.8125

   97.0312  258.7500

   97.3828  259.6875

   97.7344  260.6250

   98.0859  261.5625

   98.4375  262.5000

   98.7891  263.4375

   99.1406  264.3750

   99.4922  265.3125

   99.8438  266.2500

  100.1953  267.1875

  100.5469  268.1250

  100.8984  269.0625

  101.2500  270.0000

  101.6016  270.9375

  101.9531  271.8750

  102.3047  272.8125

  102.6562  273.7500

  103.0078  274.6875

  103.3594  275.6250

  103.7109  276.5625

  104.0625  277.5000

  104.4141  278.4375

  104.7656  279.3750

  105.1172  280.3125

  105.4688  281.2500

  105.8203  282.1875

  106.1719  283.1250

  106.5234  284.0625

  106.8750  285.0000

  107.2266  285.9375

  107.5781  286.8750

  107.9297  287.8125

  108.2812  288.7500

  108.6328  289.6875

  108.9844  290.6250

  109.3359  291.5625

  109.6875  292.5000

  110.0391  293.4375

  110.3906  294.3750

  110.7422  295.3125

  111.0938  296.2500

  111.4453  297.1875

  111.7969  298.1250

  112.1484  299.0625

  112.5000  300.0000

  112.8516  300.9375

  113.2031  301.8750

  113.5547  302.8125

  113.9062  303.7500

  114.2578  304.6875

  114.6094  305.6250

  114.9609  306.5625

  115.3125  307.5000

  115.6641  308.4375

  116.0156  309.3750

  116.3672  310.3125

  116.7188  311.2500

  117.0703  312.1875

  117.4219  313.1250

  117.7734  314.0625

  118.1250  315.0000

  118.4766  315.9375

  118.8281  316.8750

  119.1797  317.8125

  119.5312  318.7500

  119.8828  319.6875

  120.2344  320.6250

  120.5859  321.5625

  120.9375  322.5000

  121.2891  323.4375

  121.6406  324.3750

  121.9922  325.3125

  122.3438  326.2500

  122.6953  327.1875

  123.0469  328.1250

  123.3984  329.0625

  123.7500  330.0000

  124.1016  330.9375

  124.4531  331.8750

  124.8047  332.8125

  125.1562  333.7500

  125.5078  334.6875

  125.8594  335.6250

  126.2109  336.5625

  126.5625  337.5000

  126.9141  338.4375

  127.2656  339.3750

  127.6172  340.3125

  127.9688  341.2500

  128.3203  342.1875

  128.6719  343.1250

  129.0234  344.0625

  129.3750  345.0000

  129.7266  345.9375

  130.0781  346.8750

  130.4297  347.8125

  130.7812  348.7500

  131.1328  349.6875

  131.4844  350.6250

  131.8359  351.5625

  132.1875  352.5000

  132.5391  353.4375

  132.8906  354.3750

  133.2422  355.3125

  133.5938  356.2500

  133.9453  357.1875

  134.2969  358.1250

  134.6484  359.0625

   135   360

  135.3516  360.9375

  135.7031  361.8750

  136.0547  362.8125

  136.4062  363.7500

  136.7578  364.6875

  137.1094  365.6250

  137.4609  366.5625

  137.8125  367.5000

  138.1641  368.4375

  138.5156  369.3750

  138.8672  370.3125

  139.2188  371.2500

  139.5703  372.1875

  139.9219  373.1250

  140.2734  374.0625

  140.6250  375.0000

  140.9766  375.9375

  141.3281  376.8750

  141.6797  377.8125

  142.0312  378.7500

  142.3828  379.6875

  142.7344  380.6250

  143.0859  381.5625

  143.4375  382.5000

  143.7891  383.4375

  144.1406  384.3750

  144.4922  385.3125

  144.8438  386.2500

  145.1953  387.1875

  145.5469  388.1250

  145.8984  389.0625

  146.2500  390.0000

  146.6016  390.9375

  146.9531  391.8750

  147.3047  392.8125

  147.6562  393.7500

  148.0078  394.6875

  148.3594  395.6250

  148.7109  396.5625

  149.0625  397.5000

  149.4141  398.4375

  149.7656  399.3750

  150.1172  400.3125

  150.4688  401.2500

  150.8203  402.1875

  151.1719  403.1250

  151.5234  404.0625

  151.8750  405.0000

  152.2266  405.9375

  152.5781  406.8750

  152.9297  407.8125

  153.2812  408.7500

  153.6328  409.6875

  153.9844  410.6250

  154.3359  411.5625

  154.6875  412.5000

  155.0391  413.4375

  155.3906  414.3750

  155.7422  415.3125

  156.0938  416.2500

  156.4453  417.1875

  156.7969  418.1250

  157.1484  419.0625

  157.5000  420.0000

  157.8516  420.9375

  158.2031  421.8750

  158.5547  422.8125

  158.9062  423.7500

  159.2578  424.6875

  159.6094  425.6250

  159.9609  426.5625

  160.3125  427.5000

  160.6641  428.4375

  161.0156  429.3750

  161.3672  430.3125

  161.7188  431.2500

  162.0703  432.1875

  162.4219  433.1250

  162.7734  434.0625

  163.1250  435.0000

  163.4766  435.9375

  163.8281  436.8750

  164.1797  437.8125

  164.5312  438.7500

  164.8828  439.6875

  165.2344  440.6250

  165.5859  441.5625

  165.9375  442.5000

  166.2891  443.4375

  166.6406  444.3750

  166.9922  445.3125

  167.3438  446.2500

  167.6953  447.1875

  168.0469  448.1250

  168.3984  449.0625

  168.7500  450.0000

  169.1016  450.9375

  169.4531  451.8750

  169.8047  452.8125

  170.1562  453.7500

  170.5078  454.6875

  170.8594  455.6250

  171.2109  456.5625

  171.5625  457.5000

  171.9141  458.4375

  172.2656  459.3750

  172.6172  460.3125

  172.9688  461.2500

  173.3203  462.1875

  173.6719  463.1250

  174.0234  464.0625

  174.3750  465.0000

  174.7266  465.9375

  175.0781  466.8750

  175.4297  467.8125

  175.7812  468.7500

  176.1328  469.6875

  176.4844  470.6250

  176.8359  471.5625

  177.1875  472.5000

  177.5391  473.4375

  177.8906  474.3750

  178.2422  475.3125

  178.5938  476.2500

  178.9453  477.1875

  179.2969  478.1250

  179.6484  479.0625

   180   480

  180.3516  480.9375

  180.7031  481.8750

  181.0547  482.8125

  181.4062  483.7500

  181.7578  484.6875

  182.1094  485.6250

  182.4609  486.5625

  182.8125  487.5000

  183.1641  488.4375

  183.5156  489.3750

  183.8672  490.3125

  184.2188  491.2500

  184.5703  492.1875

  184.9219  493.1250

  185.2734  494.0625

  185.6250  495.0000

  185.9766  495.9375

  186.3281  496.8750

  186.6797  497.8125

  187.0312  498.7500

  187.3828  499.6875

  187.7344  500.6250

  188.0859  501.5625

  188.4375  502.5000

  188.7891  503.4375

  189.1406  504.3750

  189.4922  505.3125

  189.8438  506.2500

  190.1953  507.1875

  190.5469  508.1250

  190.8984  509.0625

  191.2500  510.0000

  191.6016  510.9375

  191.9531  511.8750

  192.3047  512.8125

  192.6562  513.7500

  193.0078  514.6875

  193.3594  515.6250

  193.7109  516.5625

  194.0625  517.5000

  194.4141  518.4375

  194.7656  519.3750

  195.1172  520.3125

  195.4688  521.2500

  195.8203  522.1875

  196.1719  523.1250

  196.5234  524.0625

  196.8750  525.0000

  197.2266  525.9375

  197.5781  526.8750

  197.9297  527.8125

  198.2812  528.7500

  198.6328  529.6875

  198.9844  530.6250

  199.3359  531.5625

  199.6875  532.5000

  200.0391  533.4375

  200.3906  534.3750

  200.7422  535.3125

  201.0938  536.2500

  201.4453  537.1875

  201.7969  538.1250

  202.1484  539.0625

  202.5000  540.0000

  202.8516  540.9375

  203.2031  541.8750

  203.5547  542.8125

  203.9062  543.7500

  204.2578  544.6875

  204.6094  545.6250

  204.9609  546.5625

  205.3125  547.5000

  205.6641  548.4375

  206.0156  549.3750

  206.3672  550.3125

  206.7188  551.2500

  207.0703  552.1875

  207.4219  553.1250

  207.7734  554.0625

  208.1250  555.0000

  208.4766  555.9375

  208.8281  556.8750

  209.1797  557.8125

  209.5312  558.7500

  209.8828  559.6875

  210.2344  560.6250

  210.5859  561.5625

  210.9375  562.5000

  211.2891  563.4375

  211.6406  564.3750

  211.9922  565.3125

  212.3438  566.2500

  212.6953  567.1875

  213.0469  568.1250

  213.3984  569.0625

  213.7500  570.0000

  214.1016  570.9375

  214.4531  571.8750

  214.8047  572.8125

  215.1562  573.7500

  215.5078  574.6875

  215.8594  575.6250

  216.2109  576.5625

  216.5625  577.5000

  216.9141  578.4375

  217.2656  579.3750

  217.6172  580.3125

  217.9688  581.2500

  218.3203  582.1875

  218.6719  583.1250

  219.0234  584.0625

  219.3750  585.0000

  219.7266  585.9375

  220.0781  586.8750

  220.4297  587.8125

  220.7812  588.7500

  221.1328  589.6875

  221.4844  590.6250

  221.8359  591.5625

  222.1875  592.5000

  222.5391  593.4375

  222.8906  594.3750

  223.2422  595.3125

  223.5938  596.2500

  223.9453  597.1875

  224.2969  598.1250

  224.6484  599.0625

   225   600

  225.3516  600.9375

  225.7031  601.8750

  226.0547  602.8125

  226.4062  603.7500

  226.7578  604.6875

  227.1094  605.6250

  227.4609  606.5625

  227.8125  607.5000

  228.1641  608.4375

  228.5156  609.3750

  228.8672  610.3125

  229.2188  611.2500

  229.5703  612.1875

  229.9219  613.1250

  230.2734  614.0625

  230.6250  615.0000

  230.9766  615.9375

  231.3281  616.8750

  231.6797  617.8125

  232.0312  618.7500

  232.3828  619.6875

  232.7344  620.6250

  233.0859  621.5625

  233.4375  622.5000

  233.7891  623.4375

  234.1406  624.3750

  234.4922  625.3125

  234.8438  626.2500

  235.1953  627.1875

  235.5469  628.1250

  235.8984  629.0625

  236.2500  630.0000

  236.6016  630.9375

  236.9531  631.8750

  237.3047  632.8125

  237.6562  633.7500

  238.0078  634.6875

  238.3594  635.6250

  238.7109  636.5625

  239.0625  637.5000

  239.4141  638.4375

  239.7656  639.3750

  240.1172  640.3125

  240.4688  641.2500

  240.8203  642.1875

  241.1719  643.1250

  241.5234  644.0625

  241.8750  645.0000

  242.2266  645.9375

  242.5781  646.8750

  242.9297  647.8125

  243.2812  648.7500

  243.6328  649.6875

  243.9844  650.6250

  244.3359  651.5625

  244.6875  652.5000

  245.0391  653.4375

  245.3906  654.3750

  245.7422  655.3125

  246.0938  656.2500

  246.4453  657.1875

  246.7969  658.1250

  247.1484  659.0625

  247.5000  660.0000

  247.8516  660.9375

  248.2031  661.8750

  248.5547  662.8125

  248.9062  663.7500

  249.2578  664.6875

  249.6094  665.6250

  249.9609  666.5625

  250.3125  667.5000

  250.6641  668.4375

  251.0156  669.3750

  251.3672  670.3125

  251.7188  671.2500

  252.0703  672.1875

  252.4219  673.1250

  252.7734  674.0625

  253.1250  675.0000

  253.4766  675.9375

  253.8281  676.8750

  254.1797  677.8125

  254.5312  678.7500

  254.8828  679.6875

  255.2344  680.6250

  255.5859  681.5625

  255.9375  682.5000

  256.2891  683.4375

  256.6406  684.3750

  256.9922  685.3125

  257.3438  686.2500

  257.6953  687.1875

  258.0469  688.1250

  258.3984  689.0625

  258.7500  690.0000

  259.1016  690.9375

  259.4531  691.8750

  259.8047  692.8125

  260.1562  693.7500

  260.5078  694.6875

  260.8594  695.6250

  261.2109  696.5625

  261.5625  697.5000

  261.9141  698.4375

  262.2656  699.3750

  262.6172  700.3125

  262.9688  701.2500

  263.3203  702.1875

  263.6719  703.1250

  264.0234  704.0625

  264.3750  705.0000

  264.7266  705.9375

  265.0781  706.8750

  265.4297  707.8125

  265.7812  708.7500

  266.1328  709.6875

  266.4844  710.6250

  266.8359  711.5625

  267.1875  712.5000

  267.5391  713.4375

  267.8906  714.3750

  268.2422  715.3125

  268.5938  716.2500

  268.9453  717.1875

  269.2969  718.1250

  269.6484  719.0625

   270   720

  270.3516  720.9375

  270.7031  721.8750

  271.0547  722.8125

  271.4062  723.7500

  271.7578  724.6875

  272.1094  725.6250

  272.4609  726.5625

  272.8125  727.5000

  273.1641  728.4375

  273.5156  729.3750

  273.8672  730.3125

  274.2188  731.2500

  274.5703  732.1875

  274.9219  733.1250

  275.2734  734.0625

  275.6250  735.0000

  275.9766  735.9375

  276.3281  736.8750

  276.6797  737.8125

  277.0312  738.7500

  277.3828  739.6875

  277.7344  740.6250

  278.0859  741.5625

  278.4375  742.5000

  278.7891  743.4375

  279.1406  744.3750

  279.4922  745.3125

  279.8438  746.2500

  280.1953  747.1875

  280.5469  748.1250

  280.8984  749.0625

  281.2500  750.0000

  281.6016  750.9375

  281.9531  751.8750

  282.3047  752.8125

  282.6562  753.7500

  283.0078  754.6875

  283.3594  755.6250

  283.7109  756.5625

  284.0625  757.5000

  284.4141  758.4375

  284.7656  759.3750

  285.1172  760.3125

  285.4688  761.2500

  285.8203  762.1875

  286.1719  763.1250

  286.5234  764.0625

  286.8750  765.0000

  287.2266  765.9375

  287.5781  766.8750

  287.9297  767.8125

  288.2812  768.7500

  288.6328  769.6875

  288.9844  770.6250

  289.3359  771.5625

  289.6875  772.5000

  290.0391  773.4375

  290.3906  774.3750

  290.7422  775.3125

  291.0938  776.2500

  291.4453  777.1875

  291.7969  778.1250

  292.1484  779.0625

  292.5000  780.0000

  292.8516  780.9375

  293.2031  781.8750

  293.5547  782.8125

  293.9062  783.7500

  294.2578  784.6875

  294.6094  785.6250

  294.9609  786.5625

  295.3125  787.5000

  295.6641  788.4375

  296.0156  789.3750

  296.3672  790.3125

  296.7188  791.2500

  297.0703  792.1875

  297.4219  793.1250

  297.7734  794.0625

  298.1250  795.0000

  298.4766  795.9375

  298.8281  796.8750

  299.1797  797.8125

  299.5312  798.7500

  299.8828  799.6875

  300.2344  800.6250

  300.5859  801.5625

  300.9375  802.5000

  301.2891  803.4375

  301.6406  804.3750

  301.9922  805.3125

  302.3438  806.2500

  302.6953  807.1875

  303.0469  808.1250

  303.3984  809.0625

  303.7500  810.0000

  304.1016  810.9375

  304.4531  811.8750

  304.8047  812.8125

  305.1562  813.7500

  305.5078  814.6875

  305.8594  815.6250

  306.2109  816.5625

  306.5625  817.5000

  306.9141  818.4375

  307.2656  819.3750

  307.6172  820.3125

  307.9688  821.2500

  308.3203  822.1875

  308.6719  823.1250

  309.0234  824.0625

  309.3750  825.0000

  309.7266  825.9375

  310.0781  826.8750

  310.4297  827.8125

  310.7812  828.7500

  311.1328  829.6875

  311.4844  830.6250

  311.8359  831.5625

  312.1875  832.5000

  312.5391  833.4375

  312.8906  834.3750

  313.2422  835.3125

  313.5938  836.2500

  313.9453  837.1875

  314.2969  838.1250

  314.6484  839.0625

   315   840

  315.3516  840.9375

  315.7031  841.8750

  316.0547  842.8125

  316.4062  843.7500

  316.7578  844.6875

  317.1094  845.6250

  317.4609  846.5625

  317.8125  847.5000

  318.1641  848.4375

  318.5156  849.3750

  318.8672  850.3125

  319.2188  851.2500

  319.5703  852.1875

  319.9219  853.1250

  320.2734  854.0625

  320.6250  855.0000

  320.9766  855.9375

  321.3281  856.8750

  321.6797  857.8125

  322.0312  858.7500

  322.3828  859.6875

  322.7344  860.6250

  323.0859  861.5625

  323.4375  862.5000

  323.7891  863.4375

  324.1406  864.3750

  324.4922  865.3125

  324.8438  866.2500

  325.1953  867.1875

  325.5469  868.1250

  325.8984  869.0625

  326.2500  870.0000

  326.6016  870.9375

  326.9531  871.8750

  327.3047  872.8125

  327.6562  873.7500

  328.0078  874.6875

  328.3594  875.6250

  328.7109  876.5625

  329.0625  877.5000

  329.4141  878.4375

  329.7656  879.3750

  330.1172  880.3125

  330.4688  881.2500

  330.8203  882.1875

  331.1719  883.1250

  331.5234  884.0625

  331.8750  885.0000

  332.2266  885.9375

  332.5781  886.8750

  332.9297  887.8125

  333.2812  888.7500

  333.6328  889.6875

  333.9844  890.6250

  334.3359  891.5625

  334.6875  892.5000

  335.0391  893.4375

  335.3906  894.3750

  335.7422  895.3125

  336.0938  896.2500

  336.4453  897.1875

  336.7969  898.1250

  337.1484  899.0625

  337.5000  900.0000

  337.8516  900.9375

  338.2031  901.8750

  338.5547  902.8125

  338.9062  903.7500

  339.2578  904.6875

  339.6094  905.6250

  339.9609  906.5625

  340.3125  907.5000

  340.6641  908.4375

  341.0156  909.3750

  341.3672  910.3125

  341.7188  911.2500

  342.0703  912.1875

  342.4219  913.1250

  342.7734  914.0625

  343.1250  915.0000

  343.4766  915.9375

  343.8281  916.8750

  344.1797  917.8125

  344.5312  918.7500

  344.8828  919.6875

  345.2344  920.6250

  345.5859  921.5625

  345.9375  922.5000

  346.2891  923.4375

  346.6406  924.3750

  346.9922  925.3125

  347.3438  926.2500

  347.6953  927.1875

  348.0469  928.1250

  348.3984  929.0625

  348.7500  930.0000

  349.1016  930.9375

  349.4531  931.8750

  349.8047  932.8125

  350.1562  933.7500

  350.5078  934.6875

  350.8594  935.6250

  351.2109  936.5625

  351.5625  937.5000

  351.9141  938.4375

  352.2656  939.3750

  352.6172  940.3125

  352.9688  941.2500

  353.3203  942.1875

  353.6719  943.1250

  354.0234  944.0625

  354.3750  945.0000

  354.7266  945.9375

  355.0781  946.8750

  355.4297  947.8125

  355.7812  948.7500

  356.1328  949.6875

  356.4844  950.6250

  356.8359  951.5625

  357.1875  952.5000

  357.5391  953.4375

  357.8906  954.3750

  358.2422  955.3125

  358.5938  956.2500

  358.9453  957.1875

  359.2969  958.1250

  359.6484  959.0625

   360   960